curve_tenors:
  1M: 0.083333
  3M: 0.25
  6M: 0.5
  1Y: 1.0
  2Y: 2.0
  5Y: 5.0
  10Y: 10.0
  30Y: 30.0 

curve_seed: 48

currency:
  USD:
    level: 0.045
    slope: -0.005
    curvature: 0.003
    slope_lambda: 0.2
    curvature_lambda: 0.1
    noise_std: 0.0005
    
    vol: 0.008
    
    start_rate: 0.0250
    mean: 0.054
    alpha: 0.109
    sigma: 0.0172

  EUR:
    level: 0.03
    slope: -0.0035
    curvature: 0.003
    slope_lambda: 0.2
    curvature_lambda: 0.1
    noise_std: 0.00035
    
    vol: 0.0065

    start_rate: -0.0054
    mean: 0.025
    alpha: 0.38
    sigma: 0.0018

  HKD:
    level: 0.044
    slope: -0.0052
    curvature: 0.0032
    slope_lambda: 0.2
    curvature_lambda: 0.1
    noise_std: 0.0006
    vol: 0.0069

    start_rate: 0.0230
    mean: 0.040
    alpha: 0.1237
    sigma: 0.0196

  JPY:
    level: 0.025
    slope: 0.002
    curvature: 0.003
    slope_lambda: 0.2
    curvature_lambda: 0.1
    noise_std: 0.0005
    vol: 0.0057

    start_rate: -0.0009
    mean: 0.0
    alpha: 0.0567
    sigma: 0.0068




volatility_params:
  expiry_lambda: 0.3
  tenor_lambda: 0.1
  expiry_premium: 0.0015
  tenor_premium: 0.001
  smile_std: 0.0003
  min_vol: 0.0001
  tenor: 10
  seed: 38


rfr_params:
  data_length: 5 #years
  dt:  0.00396 #day
  seed: 28
